$ANSIBLE_VAULT;1.1;AES256
64393037623865623764346338666461323566383861383331353662343933623230646234653636
6261613537356661373865363837373236303234313261330a356537396261623862356164363038
30386332313133333037663038623131653966613765643336613764343536623661623337623561
3066663363386663640a303036393065353934326562646163383236306134613437386366396665
36313031653538643734666464363032343132373832656337633339613236373862663065353561
62613634366233313538356161373265336335636562643532656363666238313735653636643935
63373965393830383339373562366136346238396437613033346630343233373738376337653232
36386136336438306265356365303164623237653730633636393135323937386435383065633933
63656532343261653537333561366365313932363362623862343438363335343530366330313462
33303264353463643432326564356364666332303534636237353332663561613432383837383038
35313238613063333232643738303939353461336138393237396239663637616336366531653233
32393138393735313330643562366162353637386537636130383437353537326139373937346134
61343634343239643836383032666639313534626538326663363163333139666238323962623664
39646161616566386635323035353365633465643964313864656663323664373934626531303630
64666662386166653134613862663734356565633763646364313462346634316563356432393166
64343639316466666266363564383039323230613962343732393564626636653565336662353436
34666635623336353031643035666465363261643838366532353038643936346133363066653239
65356264353666653239663465383465323331373138336634653839643531363235636363333064
66623266383063396338643566646639636161636333623930616139393265356136666137666363
30636265353638643830393434376433663638343038333762376266313738626265633762376666
36646237383637346538353034643766623435653739346237303662643730363765643434346437
66303637386539633264613365383239333931336161363436613333626162336362376434363662
66613338616632323734393364306331366462663161396437633533323833643135336262613133
32326233343937343465393636343833636234643939656630376432326136373539613463313830
66626264633433316463303762326334313932323564386365663133323132323237383363663833
64363961356538346164636261313865316134353036323463396663363561333736633535313538
33356631656361623530323731616462303131643464323937306561326264316432666634363034
65383638363566653665
