$ANSIBLE_VAULT;1.1;AES256
63656131393336666566643736336533313161353233653163663836343765653262636532613061
3133643938306231626437613734663535343431343137320a343837313533613539306432373336
65623464306639333637623434353238393966306431323665326631646232356361376636666539
6336336635383232340a653433626336316339356166313339313739636137666431343635303233
38313533646631303438666336653062373030313234326263303535303536303531346430383639
33346566643462383962313235313137616138333737613134313031316231333462343435333839
64636165316630623035356132333735373763383937363031313362626135373139376131343432
35343830373865643231356231316237376338363134366132386335353566343739393261643432
31646162396663666335326161313338343630643137306565653362366332396335323563383565
31353366616537393639373536383535383332313464616331623038313538326334336234306436
63343662333736323962356137303966633362396466376361613463626332653263646465303738
64633731313663343433663133646566366131316335353366653830343338333265346666333761
34336336316565633337666362623162316335616237376332396264383339376262633865663861
65336338363266373632336434316165653866393731616434393832623732326634336566313565
33313137636535313562633165316136376332333063656331643133633564363639393230303038
66303063393430643265376238626333633531333736333462303366363831633232626139323334
34326633343365313738323831356162623630313763303137346234313535393961306566646433
64633038396564336230613439343461626366326335653461323761613063396235313033353636
35626335623666396534326137346666366339343335383236323362363935373034383061303766
37333931633035653030366339316263646430333034636161633139663861616432343337633239
36636430393461363764346136616230656365303331373564303631316530633431363761643631
38623536353334656365306663626366323364386562393339653634386630353363376433366535
36366161313735633265303033376135663665376339663130326430326135343035633162613532
65633165383065613864343261336234313439653135333861386532326234383364383632313933
63343531396138353332363138393935646664333435363963623961346663323933663338333630
31653130376437666132313465383464616665313661393337373437363133636136613461366565
34363439636530656134386535663532623365393463346130323266313338353639316634323037
35326537333333373132376564396635613439353663386465636139366232313832646330643961
64613532663439663533373961313536636564616137646561333861316362653139623530353836
65666338663034383136663663333637336639373961633864373235366436346236393965653833
34616264623261393438303530306236623032363739373330626538376534666236333366336266
65346461333364366635373034623035323165653532656638386435343661646135353337376266
34303836633934333534383236366365363763653035373432333530316230656235353031323263
34646564623761623332643964363632626139353337306130393266376163346635363934626565
62323166313838396262353938303965316461666434353130366664653239653239623761376137
30323763353364323838366432346537666661653063653936646332363163633333303339396138
65353634623035333139653765353061353132353434356436356361623032326566646436346332
30363561626633636538326463393761366235653436656334643235363738313734323865633834
31633237346636633032643737333938666438623762323237353735303235323164333037393835
61383935363634333064656565376337653461363538313332663661646130326133366136303363
34386665323939636530366239323436643731623139353165313934306362336237373563363135
36383530663631623030376338643461346636613862306636386463326564663664653161343364
38616233336238313931313261646130376137393162633834383734326530356631323739386530
38623736626532366637626132396434353037613230393135376639643965326132383064313436
66616138336264633639653934386331323931613661343164613836623938336664313432623837
33616364636634316163346339613161663332636561343332623630386238393731376331313038
31623064633831326631373336306435323766386364303565643739323838383332323632393163
66373235366238346562333735613364383861636561303966393138613738333338343931323761
32323238313537636564373630616262386438353836303037396431356235663834623562626334
30636164326539376330633732333636336662323238396461636239343634363833613732336661
35363965633334333436666336323635393638343235656461616432383839666165376134666435
34323539303336333835306630313439316262376231323238383165623533663561646530306337
62383365306438643832656638363738353530363066363763386163336632326537646438653938
65336339353766633537333439623236373333653234623437343262313237313232636334366362
31333437386337336638666663316339396436303738636332356261616461353665346339613133
37323838373232386265326637313566376333383165333739363064346136633334653935353038
66313935363165333263313663663639316262353431343837323435633364373563346166376539
63366265316635626339333630383733396366386461643336343531626135373238623536616561
66363963376561336339316136656162373330666534333461393132393463306135643433656234
62653537653632656333383563326339313861633863353438383537626262383161643364326436
61323661643864643734666463616639306562393932376631353733316533383833623039323030
66313561306630343336333338376136333837313131303735663931316363643235316637656435
66666434383462626533363830323361383265616562356162376137366339663365383035663466
65633763633635306530353462643239646561343031633237613739353064363234653363366634
31303863653832653661363236396236666361346135333931366536623231356562396137623832
39383166376165303334643532303235623438303561663734343038326234623838656134313535
33386537323530663939313763663136663161643366623536396437663965383362323235346339
39626665633263643437666462383835376232623263343930383138643262353763393138353432
31656562313831313465653739333035303263376534363634363337343230306339346664393164
63636539316431356266653934316666633830663838323237333461346137333330326232643161
61383564633765383339323964663036623933323964366239663837343332396431613737623232
65343333613165353064653066326235616661343232636138636131626235393765663262616638
63653433346133363165356334643631613631366235633263643939333764616665346631303766
37323033653566656566613935393131626136383334373130613534633462306161656461393135
35393563383464313263653935323762653331656635353530376135393732323732393161366564
62303834313862663832633963646632353565323166643739373833653666666163383266353265
64616237376565353766303665623364313836306334343837303662323338343931653664333762
66393965383466643962376237303035623561383636396133643531313532373731383837386366
31646661333535646464316563663266343061316263653132303938363236306463343662656662
63646433383966316261303032613235616233323361343137633864373938343461353937353361
62623039336261653765666436313538653962383764656633343638643436346439636133363565
35346636656663323666643232643163373234336332666562616437353966306161626366393037
35316138373662346538376237353835376665636537636336643530336635323662386632393437
31323230616561363861346564336337613933323931663362316534363465623137323066616234
30343639656332663635316639333263383435326364633834633161626332313131353339643735
62393031303133373638356436393532636336333737363730646136366135623136376439363366
65386639623335383539363334363337656661643664343266383163306539393533613536623136
66363365653131326237626233663034356366353339323536346561633131353139393366616236
63373533623538616266396337343332306465386362323239373935623061323564323433353935
64386364353030393364626439393761616462626366623934363432336563316133363166333063
35353335376537303966386466373138363230623062653161646166663234636232616139663630
39623132646435643265393561363732313362373631353435366336393764353930366462663636
36333738393564643966366131306130383034633162663135356561646363356134666530653237
61343439663464356231643838613230623332613066383338333234656361653339383538336631
35303732656337393837323333613935323438346364366333383930366436653932383865366336
61333766343732616462303566306632316130363334313034373836356562323061653334656563
31343332646232633663343534353237356137623638393930356233303037653733613532333433
33366162623864316237653461363034366631316633353434323537326134366363666563616432
30656365626337323035646365316366376437633936643965373931613961303637363534333635
30336536613662613238343333353432646439653266386137653864373237356235353931356661
30646562336636623731386233306365326239633934343739636139663663623266323965353062
39376665636337326537346539393161633062383338356166353737653731373966333733306237
61363165653266393930666331343463326262666665613765656132653565653533383531396530
61396534343733363863386563623038326534666633376534643536343032363738326634626239
32616633623463373137613563633062313933653735623238616363363064313039646535633035
62613363636630306438386437323535383866616435346238396536396138376436393536613966
31373033343338633030633337396563643464346165333565313338636632313266626634623166
37313566366436323565313565623735343261643065616236303131383065326236346432656163
62393432656561636135333130353762373934393463363265616534323965393033626336623861
30373362316135326364633939323634653035396636386336646465346461313038323939313137
34323531303430656638663439623731633331656433366530343935663533623963333765376433
37336138616433333861353934363232623834306661383534343234623333636262306465646234
39303934376633306639363330356266313031643235356635303038623065313662643162396238
30393064386131333536613532626631623632653361663732363536303864356530636236333763
62336332303139636163326134376635656463366630303464376539363132376565373135646366
35653631663965373234353463346530663534613830313636353464343063333631636435666462
30663231376165343137653630656537616461343564646538373839616362346364343765623064
38656463316337333866356139306161303931363133626536363061613266643864326237656462
65646362326434323661326230646236366561343535393737636265343637373064363762613730
63636638356331643634383732303637346261653635646637626132313130383462346633313163
66666165613064323361323339376463356535373533373235646166396530303961333835363833
64326230653366353461646162373662356363626234653436323931393430333834653761663038
64336535343235393865366339656566306430663463323737653337303538333137343761646163
32626637616436666362386332656136333236643661333631393433353832313438653431316563
62663736386333666562383137663065613635613361336564616130623534646538333734613432
36323533653933363263643061613234393162376330393565633961396636353664313961303037
31623430633164623064636337363135323134653064333135663265326234306630316437633030
65646264343433323364333062353865653335353235366634353063363466363863313932616465
36643866333535346139396664613861326539313232626138366364373234613964326663666633
39626638396334323234386537623331373763303236616166396337303063396232393562613436
66356561646638363335366563653266613432366137373263336662303730376339633733643564
36333231373033633930383464306662626261633264326135633730323736626630646562303730
34323832366664333738373162333262323136393330653930633263356237623864653335353938
34346231343031323339613236616332353266376630613738386134313665373362366131333339
38663136633037343434393330316533343835623663643831636433653739373739653761366539
33653734343234363739643236316236626232656233633333393735366364366636626661623665
38393938343931636333643735353761643635346666393934636563323266636437343264346565
63633465316530303234316331326332643334333339376336393162313335626363366663356564
35306661366132643838313763646165333733353962623665613465646561333466656666636133
39373662633464336633313462303637646239373966376631323964653935396531343438383336
31303761383232623137363037636162633031346633646163623066346565306631316330346239
64643135366139396566333563653533663330383838636163303935626632666265363336623765
37646164383166613663626266343463613335383137393166373763346638663834336465313563
61333462353364393030313962623934303065666639616664323531636235353230656139346131
30313434306639303435646234633834343035353666663632353134316562386439666635653831
38363838643838323537383864333538303235393263313934303437386332623633303235653337
31653933623334663532643633633137303961323630376161316433353736313462306237383362
61653063333963346233366461393334633739663462393835343066316338626663323333663637
32393864636235303530333634323462363865393732383161356564323463303330313232333664
65646331653564616238326231343338356532356234336566633831333338336332336335393465
31666666643338393239343835383037343938366363303634653631643738303935333736613562
61376365373731313734666363656338363266366232623431393431393661346665633663383035
33396631333533383638663330303233343264613864636562303135323237306234316434396137
35643933373633623063383566663232363135306563643930326639353034383762653330336139
35376164353533653864386462323935366262633734653166326662346339396136366338383365
35343437336438316339663832663730326239626334616637303838663232633265336231646531
38616363353332333831396333316233343862356364623164626637336464636335343133353837
31656339636231343566326363326334366539303737333462623165376537343265363435346133
35333164656436366164643630306637653535386565396136613530306263626333626462313732
37316462363034666365616364343532633233633636656535363037353065383466366633383336
34363931336534313032346631613435623165356433333831326232653561396634343337356337
61306437623062663433346131363435323733353965343538613638303135343733343862343464
36363238346432313061663838633834643032643231626238643738343538646639663332393337
30303263623964646630373938646636323163653336373831383738373935373131616362386530
35336436663662613835353232396539663139646466636537343039653866306334383261363238
62373062393232333633353061393863613038336164653663333939656131616339346361386238
36333261373339383032653934376265613666396264303630313132326633313739373430326430
63383734343336323937663063363031343438303639353738353461326664356433633763663661
65666136393939663066373635653131633963643265633161303234643432366365646538333332
38373363393339643533376437613662333662353163373136333863323936636538326233383062
35363930326631373835313832656332623130646131643137396666626165323564333735336563
39366433623462633261313234616430663538303835306439396135393735393431613736396163
37623934343737343462303733393334376365643966326436626263363063333566
