$ANSIBLE_VAULT;1.1;AES256
62363439303232613663393831656338323434646465303232326532326534643163633966303763
3132336138303235333333306333383434353735623634630a666533616134363935303139626138
30636138393931633734303832643366326338383063356466326265323335333834616138633032
6665323766626262370a616538323038343537383161373364323466663430336134323131306236
38373835336564303038346565633962363836636538343733383631616233343638646134383066
62633663363432396334663238623463636235313163326262326262623131643637346531363462
35306466356333626139393937386431653666656636663837386339303931323335373164663635
31346664633737333763373463356536623765643539383562646239626664386431386230613261
39656232333237626334353436356166313634633530393461643836666262656539383637373734
38333838343935623137306436623937346235376662373738313932353030636531383635366562
34323464346630333666333765333336386435303563343836663963623135653363653265663730
30336265373338616563613538636632656337666165656139336261663032323761306163393734
61316233303730396562323362666231303464386563623636353037306261343035666666396365
63613833316665353531663734393461656538313337346235353238363938306536613237346466
30616234313663616164373164396161653739613830373132396433623330303263343535613963
36353133663135633933346561366162393962343532353237343733363135656634623132386431
64363638376462633465333931303434363164356133303033613238323365366364643662333761
36316637633033616666326364616335626265376430366635326431653564393132323133303532
37636261373061396532663237626231386566373130346365373034376537366163376233333134
35303337333664633666306661313364343037383637313136663465323036633865623063633261
39643663633532656531353666336131323362633536333362336432383963633031613963316462
39613966363935306630616238376335653130663165643563666630323437366336346639396366
65326336623766633332663439663863353130633234653237663666383632633633656333333866
62663531323532376564336463376262373337393565643534353734356334343335383466313963
63646332323739353130396631666632643362373366393966643236313364616137346261366338
66643266303731626462343063363231313137623733303364376137356461356364303262393266
32623436306237363463343730376264633262623234383436393736616535643432656332346361
35363961376136313735363166353961356635613762633030666439633366346662393133303636
34383834366466636432373838313431653431396536333734653439663237643837383466616464
33336335346634383634313639353865306663313738356164393237303437656132663434343331
32396434343733666430613237643732313339383665653438336432323464623139396534316135
33326134356363393333623137323962306238376332333639393966646639613962636161303035
62333830363433636466383130643238366563396537303933346465643935376664633063613236
62366264373739363961323635656563393964663366336562386334346439333136336666663433
38663234376635356461313663323739333537646665323863336239386332613366313566353232
33333237366361666534616562323962303065646263393839336465323631373336363735306161
38633637653134393130343834323838303938653337643533336461643735353939623066343739
35346136383932646363666136643065353835313939393037643263396261313336326537343032
66646632366536616630623634303333363662653463663766393161366430346461316166623066
63633661323338363565316161666538353062393936363235623833323165663336333962313531
39326361373831363136613162383137353434316134316535393966343164663963373334386266
33646434616439323732363738383066313730626261376536353531636135343935323330323265
38656265653263343231633063356133656534666436626633393131333735613232313635323737
31316366373337393338343134363837383632306237333138656365306334393932643562306363
63366230613532663636313334646531303137383339326230393062363666353832653430346461
30613966376437646336636635636131656462326434653764646537333436656564323562623030
31653862343038383135366632373636366233333232623964333865366662393232313764663530
39363332376533323033663930633962306638613631613063626533396234306562383038616536
64616330633466383635373130393166643230663762656166313235303435393937616561316662
64623030633838336363616131383937343164623933336330323333633539393366363261353266
32643231653330386666333234633636373063643032623965633461363831666533336134396637
31663066653133653765366139363736616637316364303238366439303165623739613533623666
65356166303230373932356431626330616631646237663838663539616265313866643061366265
65613634656665356439353665646430373063616166653534333837333238346538616438393438
33303339373931633163396566323232626532343437363130363233653563333864646564336637
39376234376134396435636562653838333532653162666339343439366431666262613166366532
39303933663562616536323164643963643866646666636232373163393562326630636236306133
37393465653365613561363365326534333938343065343764646434613363613432653934383133
30646465663639383236613064313263366363356435663539356563616631653032343531663337
33633735376339326537306138343436323132623733333132386135653061343732333733353134
32656137656135306163343464346136393533343538336131306465623565666264366236653931
37323764613538376439656664313962366439373963646164636431663963343835653935396438
34326463613865666436356161383862303835646330303466353532616238346235306535636234
63333536313761666563336161636332636636653965623532386166613138373630313164626261
31313666393163663432313834313430613766376564383964383536306161393031363136633261
63363863616134666536386631626138373530363935333632643663613862616563333433366535
36306533356232366335316232353739343931633533636434363030313864383962316336353130
32653935316636323363333235613839623961363337376231656433633732636533633664363230
65396362366338613238376533323737306635373363396663353163313931653239653439313630
30333135313666323938666363653262656636303536316632383037376566393434333930326462
39393532353834623236393465646338333431396538653237663435373964623936313563336232
65616663363930326432653335393239306664396130666236396537343437306163363863393965
38326264326634393633656433383364356563623337303565666339626330633537323333616530
39656530613339386566353263373032616234643431313837633962393131633333326133316265
65376263613364356261366366616430393839616139613430633336353263643834623335316539
38323039353239376363663932646564636339323839313631303734323136393438333261633365
38333938313561663764306435343033313966643233643039653135336635323336366438323036
64373833636136313262326264653664626361333132643630326631643438383239636134666266
62396539393533656633333666333737346638363861666462373634353932623434666465633637
62656637376162376565346538386636313136386266363031343033623130666565393134646230
64393831353237623964353632383962326439323230336564353639386635353665623239323936
37303636356230666530643835653130343933623030313936323938356461353738393038336535
64326666666133386334333931613134353533303131313436383030356531336234343434613962
30393839633736373361353135623266323239383431386437316633643334666664353362623764
32306663643366356161376636366462363239386439636637626530633734316330373666633765
36643332336134396338636663616135366437366164643263643164656535376237386465666362
64396134353730626639336332383462623933613739613063336639303933303365363364383238
66383038636663393439666662326639643837353035663761633566626166346433313632333035
37636565353466386630316237613666343638373733323735373231303261343662386436363365
32623762666336393430336661613735653666393438616365333466613434643138643835343037
61643565353838373333643030633961383933643434343966326633326166616633393237313538
62396436633834393837623136303737373066303132313236393039333433353437623534393966
65613030663462363732336636366131633937333864306532656364616262636334643538393363
35636664646638626261396263613833316634633837323339646666663437303737326564366635
66623231626363313531326230393333363636343764306361626331633135613063386635393733
66313538383632396162623538376234393831303133653538356566343535343132306132393164
33666139353834353937306332356537666439313934306239383432356636336263333935356236
31333937356632313637623038633464343531643534376362616431613736323831376436393230
36396233393039626639313462313665366162626331623038643762373535643035313034343837
30383064363063306434366332666666356135623431336238393530326431633033633134316164
61376139666638666532366466616531333962333831383061356435353264646231623135363038
65613563613138626237653533326138356338363538353065386265326137343235633439333031
62313732636132393939353036666162343530303433363133363065653037323065663031633266
32643435393462363338346633653362623739333364383164393538323461333633636262303462
62323063653364643361383861636336363138353438386339336432373932363564303531313164
62393632373538623264313463363065346535366639333730653432343133396131633033666633
38623934666265306236626332373930623666323764613635616566316131653064643530363966
33363037623535383264373062376366346330396136616364643536336437353137393630623239
32383533376336636232356532336237646539616537613036646565333364333432303861346138
30373463323635343665663235646435343731653363313563326137343964376135396332363531
66663930363035643438313664343062333534383636666238336635373061373434343465353530
36336538646530353965613831313036323565383136306162373265643539666565306231313338
32343335343732326665356132663238653832343138373466636237316438393337636463326433
32333230633861333464383933383637623230323438653332323464656436633066333761663633
64323434313734626435346163306235373536616132363066396562346537363434366661396363
34323134333137643963373030623934633261346465643135306630666665613531633863363564
34303134343537646336356632613137386130636230646631326433303339393563303064386562
35326363396165323837636436376135306335303930616639653930336333393235353639613033
62306539393333306238373866666363643766353739373637353466346662343036323066326139
38333635623864303465396361616332633464613064343533323631363635653463316231616463
38386366613933353535326165303261333736376563303138363838343532656130303032396234
38663865666238346436616134633032326130643664393132396362323461343632303731663735
62303662623464663066623137336438656132346462303162396562393037336138393161656433
64316238643034373934306232313966636533326631383264333032643561373439363166323866
65343461636464666537613430306537613239626135386236346661373565663730366634313033
62613532323538616435653538306237303238656237343530633539663030633937356263343565
33306330613330663661363861313132336534386364323134323164373130393534356438376433
32613538643038306535386265373761636431353331313136376432306236313765343636633866
37656539363239663636383231623339303032666536643131643139643636383238636137646332
62373835653232386563383066393165626230643337623834366664313562336538653162623465
37613630316239353362376231663166336462346338313730386132633834366534306262303638
37643432326264396466653564313731623832393734643466323836383265393964653032663065
61316630346262396464336334653337633365396235303937376563623264323737646435633934
62663831386234643732333564393338333032386134323762356661363566323331653033623234
66386666366363386632326663343361626336646566373031613033623638363637356664633536
63376565633130313439316533646234353064323965656134366163306335663933373734356432
61613462316437636166633062336332363631353030303032396233373766623466613065383230
30393764623437633538333663613163353833353437356631353033663131646462313464353933
62366238323634656435303564653038353664363034303634373934313438666131303331363561
65383930346236386333346636303264306138316364316430323666306338353537353637353936
64666566396632313239656630633138313035363335336333393664643366636534323139336139
66633832353439633861336431363564306136646539333333623762346162316539313335313739
64333037656433383238306566633239363464646131613865663931663161353533383438613932
36646633363935356336366438663534326334663332613835326466363061663666333031346362
63656231656538316536636164373837636334383435383939366639366430353764656664343663
36366633646238623364306236326166356663656331396138623264313634633566386566626636
63356132366264663730636666383862326639386430643165663237636334633738623036373838
38373234303964646431383934666430393937623437633135316134353432616664306138636639
35323036633534323962313964386632653139393734663538353263383262373964353739376262
34363465303063346337353636376334653333373762363862663032633433663466316633333430
62613431643339343536613838326538393531623335613563303566356136653639386466646161
38346534343537636366616664343838373561346239363063666137646264636461636532306330
38626563383935383965316365663162356433636662663365363439663062643765653963346637
30633562303161313834656139643230636137623666366231333466383938313938323362366266
33643734363131636430653162353665616266646435323534323432396633653264383363373831
34306162636631333332373337666465376665343862636661633261306362376138363031626237
63326466306366656162613132353730343136343231616631653133323533656165383937336630
33366235336232343430366535666330353263643630643438623663306532613337363637656263
33343665326639663136383564616438306165383831353164613535356662383737363864326539
66633236613530643363643633616639613363363264393461356637323437396633386433346463
32383865636262633633643564653530613733363931343538656130343363326566306637653862
63663332346332363731613039393536613239343038646639356230373436343531626139383461
66313336316432373064393138316331663334386333653263306436336434393565306634353530
64643538333933363830616165666139643530613565656239303431633338303365306565313962
65393565303539663662313837386438663863613663313431313665646235366333383132363138
34383738326162336535333064643562666662623136393435343738656362643832386337616431
63643937633836306239316437313036653437343238623361336431373163613462626563613664
62353663313839646139366538363437353664343766383964383063373732663935343436646136
63653562383365616330653736666434336539333238313934643637333033316163363035626634
32343939323239366361666338643134626538663036376431666233633265613039333834656638
37613431623039373766623338343031376134653266333334386432653131393462316432643833
66376562343965653162383964366166646165373636333939623765626131646636393136633035
37663366666636323663626136383663656235356365373536393065343236313731
