$ANSIBLE_VAULT;1.2;AES256;filter_default
30643961653361363764353261383066323039393230633765623930373538626130626430376133
3639636331396337373136373766376463633334653935330a353631346464616463366462636466
34323765656537343966326235343762613438623461303264646265626133626137353561613539
3063643561306263340a366664373834636161303036396161643132636564323231653433386332
39343730373130373934303832303435303331646137613538363264363434333666346461376631
61663765636566613061323866663133313534616162623663386562396436663330663437393438
65396632646532323135383736376466646633393737646235313133646438616365623865323862
39313061396363386530313837333762303637326234383664376438393963343839653738666139
39336362346161373634333564356132313934346161623135363836633661386431333561613333
32353562383035643661616634316133396166383133356537366438353938393238363637613065
36633464353465633664366433383732636530666635383836383034306639313235323132333464
32346263313133306133303731336337666633616232383236343330366132316662323839633432
37336536376566383535336561343462386434653464393031613234313337666264643236356361
61393563313731313535663231366538393862653830343033646631356665616532396231336138
39656339363061646366363261386263393632616636633132376230323165313464636234653234
31653261353432363462346434376131636636346666323064326636386536376533393938303635
34623439626562323066326236336338396666646536663963343337623937343763663637356632
31366130663561383336386261343561636262383738323531323537363031306435616463383030
34333734336263383763336534363339336635343937326333386135663233613933333537643837
63633362306263633438326233636661633466666362613333366263366139393137313331363830
35393336356266346435386131393066383137663731323865333362326264643665646139303838
34383661333062396362306561613531653239373238393536653534363965643934346336386431
30356237653563303436316631663863323239366538383164613363666461396536643432663063
38666162383833373131326234353864616231323432653466326230633435616235636633623832
36346266366263313264623762616664323836346136616332343165656435356630343032363265
39383761363235363239653761656230656361616162386637373339663635663865623932636132
62666564346430633731363630353437313330613235393430666664623562636133646135616165
36613937623837653163346436323030623030386232356230623337663765666230633135343537
35383136303763373334323433323037356163313538363838643930343433646564636634653333
39303563646435333565616630373830626535633737356539323430623933326332636137666536
30616431663537666330653862393366376262356137663165373238363835316266393132333963
66663431353266636138613734326639336462653734393431623864373833363036646261396366
63303065363063646139636131383538326333643663643636646266663932343333353131646162
39623832303062363931383032326563346433643736643931353364666163633662396635313565
63653863613363326631633837633730323263656433616537316334396135376634393865396261
38363433303133623663396566653830633736393939653730666238393566616333393864616530
32353461616462643634353931353232323663363765363334373062316666386638646430616265
31343735663136623231613734313563333035643337653338393963613831363435653931663530
66303664323139396236666331663165666636656461336238613331643262373130323537313839
37613565333862386533373336653863646434323532643237396138323965633039623932376563
34376664646531396136386233303039666433636664636337353034653230616333633739633164
66356436343131323134313734396230306633353335303030653733396433363361653465356433
34303030306231303737373062336539646464323336636262613437343163656532643830363437
30356434623264623964393131626663656637366339313839356236303865366662616537666232
62326330353539303232373965616663646435623765653332666463616365373633313430616563
32363565623437633330306163666164626638353733373939653836633039326235353564363936
31653237383432343331623664373062356565363566303739346238643133353364393566323535
33366161393038393237623232666233643735663635366539656336326532623636616663303937
66633837363331303762656666346537656336616537326239393536376661373630383330653839
64333765396663633237366138666263303233623661303239366133323730663562623233613431
65396361633163656231626335373466353734393461333936623265616566666138666234356464
34313236616433353033623530633563376364343731363964656538343263343833306638626366
63363337383162303665313962383439653837323236363466643962626436623739343437396661
31653638316231633664636136663139613662393338336134353362666465613831396436396666
37383534313233373132356664353438376235643762316238623662663631613162386239643062
30626137316132373639633736363332336466396331376637646239313466643536656165663333
66323566666565346536653766623566666131626561636332376433383837313438643863336132
35353139653462306566363132343664326135313432316431393236393331333966303734643831
65363663636332633961643964643966656537356165353063623662653261666437656333383063
63646537663862633266633664333632323335336239343934643436313563616466616334386363
34363632343533323463346332613262333533313464623766333365323637666238666631623565
31323833356634656161373864333064313064653433393362316564313738306232396137623934
32393338363339383336353831633039656662616136356661646634633162626233616335383463
62363436656134396430663332633034383461636438363862643234303461346533643861646233
61636663353639363666396432633832346564636337383030323338616133633963633534383861
65323531633336663262373831383639333832626439343538323161343963336661303265333535
36386162303635333335393533366562666139643639343165376133393938616363343662643932
36646533643532316334663164353930346433373861326262393865636235613662323562373836
31316365663163666565366266613863323739363662333863663635653632303265656532666336
33323736343364383536376133323162353636663764396339393435616166653131613337646265
38653662636132393838376361383363346633363137326634353439336432383265613231326337
39623565653464383430373763336663633765646331353634343662666631666633363835343839
31323338306165303962306265356164353436656362633337356265376538303732613638333532
34386466656434343666393964613364363031363036366663363032653461323864343163633639
66636165633464643635373936613664366138383731666466656236613364376337333762613438
62653266626633396335373039613165363232303239373137623266653466633136326635623963
30366139313465663565396234383563313133353832616531646261653438326432303930666532
31623136373065663339376535363662336337353130393165323563623263343130316464396239
33343264373731663562376464636363663833333536616664653366363336393633346330373930
34376464323661313533633339363465633265333164363535653366643063346633613139663261
63353037616432626435303932633564333739623738643732326262303433393838623330636530
61646363303336393430326366363138396138626639383238363835366437353465393065646439
39366465643836346533616234643263393436393864663030643365616639363162363338373664
66323138336436346264663730653435633339326664646234343364326466353136343132383635
61363136663432646338623839366236623234323030366439343130666539333933353265663864
38653533363265663465313365343962666563303638633962326564643031343133636132663338
38626430323662383832623566316466323466613334666438333732373862376562303131326239
65393730393733333865383637383964376436633831313835633666396263393931313162613361
65343737316265316561386566646634343338613162303732636331653438653738623033643431
38336337346663643333333631336135636335613562393964373263663137376232383764393631
33333537663631316238356333383762326563323330616430663064643963633833343139333363
62623439343332383061616463636361613239393430393065643765666635613563306535373930
32373335626166373037353633323237663166663666326463343831303366346331383238643236
64656335616161633837353839373562386263626462653663613837316137353037306661393963
39653337383464353261363038383733363661633364653638643933616461626565613964623434
34616464393538653034626262376261666430393461633433613230353330373233373361346439
64376634363136613536306264613831653031353437303864616636643666323038376639366339
30363530343464383636363530383535363066333733646432366134363966333333353939636363
32316133386164386662343230363665373364653734626438386166363939343037653533393232
64643464353566653661353232336465333334643462663130313934323262383439663565613638
64633836656631356638623234656563313062386462626430396537646561666336353632646136
36373435626139663363323865633237353236343231303835636561353438666461666234663163
34613036376539656436636333613862613866643866383565336633643433663231623439363530
33626131616465353036353864303933306538353639643336346662363137386664316334316264
62616664313461306565616362616338303161653733666662646136623761646261613764633461
30346164393261616230633037363936653966303632636136623163653763323932363461383739
62653666646561303938373066393063636265343864313337623430346639653433333831313834
30313233316430656631363330326433646162306135613232356464663033616339366262643839
61666664343133613762633231653262363433616366356261303430386365623436653930633665
34643033643461383231386165373731653133346162353535616434613837396264633638393737
66303265306165613539393932363962333237653732353665636361663233376464613431313134
31343338626566653635623136393066653935376338386630376634623033643262363636363836
63363736613436656638623561626666333338313233353464393133343831666333346638373135
64663135656437663666656266343663616638663062636234373565613136633063633237393763
38313433643830393662373430656233346363376337366362336532653538313433633231373736
66333230393062386336613036623463336431363833356531663032393562366462386338373663
62643366316162323738346164326633636632353733643364306635653462633639623133396563
33326230306432393261663238356564613039646666383565363239373465373638323262656633
63626236336635663536653338353361356663356465356336363561643636656538356362303338
65396131616165623861353265643437313966356533343736656564343561616437626265393365
30393439613531376530623238313539616331343136373033383463373361326230623466613261
30386135306136383261303935636131636436356136333336613965393130643430346338323137
31666233613163356431663037373133623838363965386135313637366336623831383339346463
38366135343464313735653632633935363239316431633264386232326538393533323032613563
63656663353634623531633533383431346236396465323633396237343265336464313633373461
64386337396562623165613862386437646163386632636238646662306165323938656437393665
32386336363763363462366230323662643537653830353134313136613531613163306363373464
35626532323464313836356132353132626537326664633661646438663031376439323439316665
34393861316264643264316438333766363963643264623464623061336338306636623437383634
63663663623531653331383962636165656639396536323038373734393834393562316466363263
32323935616234363733356163313937356561623536363630396564653936313530613939363936
62633435306361343830326533326561363434346634396561373830306536393361363236663638
65663638316632656333666663346636356534313535656434656562376334346130633733613263
31396565653937333730366631623039326664373061663734363265383635396233613433616533
31383430646434653735373863396439633634616433666332623464396236353230396135393834
39653361646136316332623634666262373430303131343763363236646638316136633638636238
32326166393234646137333736633531643434353730386537396633656338366435613663383235
33353866643561663064353833653233373962343537333036643539323662653633393437656639
38653439303365646661616265386564346538616432653364396134316139363933393737356130
30363632653631373936306533343762313862396663613531383134313236333530353261633734
65333436623632653833626530663838643061666164383736666365343462613039323033303063
35313431343666613665326231323335613062366334616663393865653862333632393531313139
63353037323930636330643265353135623939646332383864663933363131623437393137653937
33306165666431346130626234656635343332303238303635313534663565613239613635383836
65626131663164636635303934396231336663326264316339323465626361646533313435323064
32336135653661386565356530313633636632306638633833303037636636613039356232626562
37363132646337613433393666366166663665373966303331336465393132333430626163626139
62303861353661363835356465616233323162343936666233646663323538376462313436633164
34323732616236366432313065383035353031656564336561626166323862336265393336653935
38303531666330616364393033623638336165343265636664633930623966373839326162656634
31353836343861613064613430386630323733356536633931623638303562646437663731613063
66626633633735316662636665383837633038326235333436633031623235303062323138623130
32646638393036656533643237323762633363326631623864613931313664633164646164386635
63343564303338623836376233376266303166323136343230393561343738373063613133303431
30313333616163663836643435393663326561623934353962363065663465333033646662666130
61306635306437653165623162656332383964333736303935666439316164366666623263623861
64643730653236373335623337356261353561333736633064663938353564613435393137333162
64666435373661323337373964366564636335333538376466653036643565316534323535623239
35333137383638383834336462333336663034336263346532643063656338303933346361613831
65373030376563386466386661386533633539633135373239343963353661633665343566346465
65633764326562343535613938323130313033346166663761373639326237303832353132356132
64303930353539396134626538376562363230303537306436623535646339646637376233366431
34373430373436303833333861336266343138306661616162323534626565373766363334623433
61366332393864363438343834346337306166363465303739313634343634626365623661336534
39616636623563313961623538646636383933666264643735303533666632353132353839386163
62373135643538373533656366326663636466343239346161333862366261613535313463393462
30323432373037643366393765316333333464353565336264396131623230303263336664353763
34333966356434666161646534616536363864353835393534653366313532363638356331313838
63396531343337396630326635616661623366323062653335363131653865666131346663646161
62326339366364373632646634383337363634353834366137633933623764383036393230656136
39343430363266613037363633326565613934303437663237623435396433333636656363636664
35646637623633373461376364373835613731346237396633633139323064343432326534383331
65313038626364393763663432653636323532393330366434343362626631376263
